times power of ten: 0
[0, 1, 2, 3, 4, 5, 6, 0, 1, 2, 3, 4, 5, 6, 0, 1, 2, 3, 4, 5, 6, 0, 1, 2, 3, 4, 5, 6, 0, 1, 2, 3, 4, 5, 6, 0, 1, 2, 3, 4, 5, 6, 0, 1, 2, 3, 4, 5, 6, 0, 1, 2, 3, 4, 5, 6, 0, 1, 2, 3, 4, 5, 6, 0, 1, 2, 3, 4, 5, 6, 0, 1, 2, 3, 4, 5, 6, 0, 1, 2, 3, 4, 5, 6, 0, 1, 2, 3, 4, 5, 6, 0, 1, 2, 3, 4, 5, 6, 0, 1]
times power of ten: 1
[0, 3, 6, 2, 5, 1, 4, 0, 3, 6, 2, 5, 1, 4, 0, 3, 6, 2, 5, 1, 4, 0, 3, 6, 2, 5, 1, 4, 0, 3, 6, 2, 5, 1, 4, 0, 3, 6, 2, 5, 1, 4, 0, 3, 6, 2, 5, 1, 4, 0, 3, 6, 2, 5, 1, 4, 0, 3, 6, 2, 5, 1, 4, 0, 3, 6, 2, 5, 1, 4, 0, 3, 6, 2, 5, 1, 4, 0, 3, 6, 2, 5, 1, 4, 0, 3, 6, 2, 5, 1, 4, 0, 3, 6, 2, 5, 1, 4, 0, 3]
times power of ten: 2
[0, 2, 4, 6, 1, 3, 5, 0, 2, 4, 6, 1, 3, 5, 0, 2, 4, 6, 1, 3, 5, 0, 2, 4, 6, 1, 3, 5, 0, 2, 4, 6, 1, 3, 5, 0, 2, 4, 6, 1, 3, 5, 0, 2, 4, 6, 1, 3, 5, 0, 2, 4, 6, 1, 3, 5, 0, 2, 4, 6, 1, 3, 5, 0, 2, 4, 6, 1, 3, 5, 0, 2, 4, 6, 1, 3, 5, 0, 2, 4, 6, 1, 3, 5, 0, 2, 4, 6, 1, 3, 5, 0, 2, 4, 6, 1, 3, 5, 0, 2]
times power of ten: 3
[0, 6, 5, 4, 3, 2, 1, 0, 6, 5, 4, 3, 2, 1, 0, 6, 5, 4, 3, 2, 1, 0, 6, 5, 4, 3, 2, 1, 0, 6, 5, 4, 3, 2, 1, 0, 6, 5, 4, 3, 2, 1, 0, 6, 5, 4, 3, 2, 1, 0, 6, 5, 4, 3, 2, 1, 0, 6, 5, 4, 3, 2, 1, 0, 6, 5, 4, 3, 2, 1, 0, 6, 5, 4, 3, 2, 1, 0, 6, 5, 4, 3, 2, 1, 0, 6, 5, 4, 3, 2, 1, 0, 6, 5, 4, 3, 2, 1, 0, 6]
times power of ten: 4
[0, 4, 1, 5, 2, 6, 3, 0, 4, 1, 5, 2, 6, 3, 0, 4, 1, 5, 2, 6, 3, 0, 4, 1, 5, 2, 6, 3, 0, 4, 1, 5, 2, 6, 3, 0, 4, 1, 5, 2, 6, 3, 0, 4, 1, 5, 2, 6, 3, 0, 4, 1, 5, 2, 6, 3, 0, 4, 1, 5, 2, 6, 3, 0, 4, 1, 5, 2, 6, 3, 0, 4, 1, 5, 2, 6, 3, 0, 4, 1, 5, 2, 6, 3, 0, 4, 1, 5, 2, 6, 3, 0, 4, 1, 5, 2, 6, 3, 0, 4]
times power of ten: 5
[0, 5, 3, 1, 6, 4, 2, 0, 5, 3, 1, 6, 4, 2, 0, 5, 3, 1, 6, 4, 2, 0, 5, 3, 1, 6, 4, 2, 0, 5, 3, 1, 6, 4, 2, 0, 5, 3, 1, 6, 4, 2, 0, 5, 3, 1, 6, 4, 2, 0, 5, 3, 1, 6, 4, 2, 0, 5, 3, 1, 6, 4, 2, 0, 5, 3, 1, 6, 4, 2, 0, 5, 3, 1, 6, 4, 2, 0, 5, 3, 1, 6, 4, 2, 0, 5, 3, 1, 6, 4, 2, 0, 5, 3, 1, 6, 4, 2, 0, 5]
times power of ten: 6
[0, 1, 2, 3, 4, 5, 6, 0, 1, 2, 3, 4, 5, 6, 0, 1, 2, 3, 4, 5, 6, 0, 1, 2, 3, 4, 5, 6, 0, 1, 2, 3, 4, 5, 6, 0, 1, 2, 3, 4, 5, 6, 0, 1, 2, 3, 4, 5, 6, 0, 1, 2, 3, 4, 5, 6, 0, 1, 2, 3, 4, 5, 6, 0, 1, 2, 3, 4, 5, 6, 0, 1, 2, 3, 4, 5, 6, 0, 1, 2, 3, 4, 5, 6, 0, 1, 2, 3, 4, 5, 6, 0, 1, 2, 3, 4, 5, 6, 0, 1]
times power of ten: 7
[0, 3, 6, 2, 5, 1, 4, 0, 3, 6, 2, 5, 1, 4, 0, 3, 6, 2, 5, 1, 4, 0, 3, 6, 2, 5, 1, 4, 0, 3, 6, 2, 5, 1, 4, 0, 3, 6, 2, 5, 1, 4, 0, 3, 6, 2, 5, 1, 4, 0, 3, 6, 2, 5, 1, 4, 0, 3, 6, 2, 5, 1, 4, 0, 3, 6, 2, 5, 1, 4, 0, 3, 6, 2, 5, 1, 4, 0, 3, 6, 2, 5, 1, 4, 0, 3, 6, 2, 5, 1, 4, 0, 3, 6, 2, 5, 1, 4, 0, 3]
times power of ten: 8
[0, 2, 4, 6, 1, 3, 5, 0, 2, 4, 6, 1, 3, 5, 0, 2, 4, 6, 1, 3, 5, 0, 2, 4, 6, 1, 3, 5, 0, 2, 4, 6, 1, 3, 5, 0, 2, 4, 6, 1, 3, 5, 0, 2, 4, 6, 1, 3, 5, 0, 2, 4, 6, 1, 3, 5, 0, 2, 4, 6, 1, 3, 5, 0, 2, 4, 6, 1, 3, 5, 0, 2, 4, 6, 1, 3, 5, 0, 2, 4, 6, 1, 3, 5, 0, 2, 4, 6, 1, 3, 5, 0, 2, 4, 6, 1, 3, 5, 0, 2]
times power of ten: 9
[0, 6, 5, 4, 3, 2, 1, 0, 6, 5, 4, 3, 2, 1, 0, 6, 5, 4, 3, 2, 1, 0, 6, 5, 4, 3, 2, 1, 0, 6, 5, 4, 3, 2, 1, 0, 6, 5, 4, 3, 2, 1, 0, 6, 5, 4, 3, 2, 1, 0, 6, 5, 4, 3, 2, 1, 0, 6, 5, 4, 3, 2, 1, 0, 6, 5, 4, 3, 2, 1, 0, 6, 5, 4, 3, 2, 1, 0, 6, 5, 4, 3, 2, 1, 0, 6, 5, 4, 3, 2, 1, 0, 6, 5, 4, 3, 2, 1, 0, 6]
times power of ten: 10
[0, 4, 1, 5, 2, 6, 3, 0, 4, 1, 5, 2, 6, 3, 0, 4, 1, 5, 2, 6, 3, 0, 4, 1, 5, 2, 6, 3, 0, 4, 1, 5, 2, 6, 3, 0, 4, 1, 5, 2, 6, 3, 0, 4, 1, 5, 2, 6, 3, 0, 4, 1, 5, 2, 6, 3, 0, 4, 1, 5, 2, 6, 3, 0, 4, 1, 5, 2, 6, 3, 0, 4, 1, 5, 2, 6, 3, 0, 4, 1, 5, 2, 6, 3, 0, 4, 1, 5, 2, 6, 3, 0, 4, 1, 5, 2, 6, 3, 0, 4]
powers: 0
[1, 1, 1, 1, 1, 1, 1, 1, 1, 1, 1, 1, 1, 1, 1, 1, 1, 1, 1, 1, 1, 1, 1, 1, 1, 1, 1, 1, 1, 1, 1, 1, 1, 1, 1, 1, 1, 1, 1, 1, 1, 1, 1, 1, 1, 1, 1, 1, 1, 1, 1, 1, 1, 1, 1, 1, 1, 1, 1, 1, 1, 1, 1, 1, 1, 1, 1, 1, 1, 1, 1, 1, 1, 1, 1, 1, 1, 1, 1, 1, 1, 1, 1, 1, 1, 1, 1, 1, 1, 1, 1, 1, 1, 1, 1, 1, 1, 1, 1, 1]
powers: 1
[0, 1, 2, 3, 4, 5, 6, 0, 1, 2, 3, 4, 5, 6, 0, 1, 2, 3, 4, 5, 6, 0, 1, 2, 3, 4, 5, 6, 0, 1, 2, 3, 4, 5, 6, 0, 1, 2, 3, 4, 5, 6, 0, 1, 2, 3, 4, 5, 6, 0, 1, 2, 3, 4, 5, 6, 0, 1, 2, 3, 4, 5, 6, 0, 1, 2, 3, 4, 5, 6, 0, 1, 2, 3, 4, 5, 6, 0, 1, 2, 3, 4, 5, 6, 0, 1, 2, 3, 4, 5, 6, 0, 1, 2, 3, 4, 5, 6, 0, 1]
powers: 2
[0, 1, 4, 2, 2, 4, 1, 0, 1, 4, 2, 2, 4, 1, 0, 1, 4, 2, 2, 4, 1, 0, 1, 4, 2, 2, 4, 1, 0, 1, 4, 2, 2, 4, 1, 0, 1, 4, 2, 2, 4, 1, 0, 1, 4, 2, 2, 4, 1, 0, 1, 4, 2, 2, 4, 1, 0, 1, 4, 2, 2, 4, 1, 0, 1, 4, 2, 2, 4, 1, 0, 1, 4, 2, 2, 4, 1, 0, 1, 4, 2, 2, 4, 1, 0, 1, 4, 2, 2, 4, 1, 0, 1, 4, 2, 2, 4, 1, 0, 1]
powers: 3
[0, 1, 1, 6, 1, 6, 6, 0, 1, 1, 6, 1, 6, 6, 0, 1, 1, 6, 1, 6, 6, 0, 1, 1, 6, 1, 6, 6, 0, 1, 1, 6, 1, 6, 6, 0, 1, 1, 6, 1, 6, 6, 0, 1, 1, 6, 1, 6, 6, 0, 1, 1, 6, 1, 6, 6, 0, 1, 1, 6, 1, 6, 6, 0, 1, 1, 6, 1, 6, 6, 0, 1, 1, 6, 1, 6, 6, 0, 1, 1, 6, 1, 6, 6, 0, 1, 1, 6, 1, 6, 6, 0, 1, 1, 6, 1, 6, 6, 0, 1]
powers: 4
[0, 1, 2, 4, 4, 2, 1, 0, 1, 2, 4, 4, 2, 1, 0, 1, 2, 4, 4, 2, 1, 0, 1, 2, 4, 4, 2, 1, 0, 1, 2, 4, 4, 2, 1, 0, 1, 2, 4, 4, 2, 1, 0, 1, 2, 4, 4, 2, 1, 0, 1, 2, 4, 4, 2, 1, 0, 1, 2, 4, 4, 2, 1, 0, 1, 2, 4, 4, 2, 1, 0, 1, 2, 4, 4, 2, 1, 0, 1, 2, 4, 4, 2, 1, 0, 1, 2, 4, 4, 2, 1, 0, 1, 2, 4, 4, 2, 1, 0, 1]
powers: 5
[0, 1, 4, 5, 2, 3, 6, 0, 1, 4, 5, 2, 3, 6, 0, 1, 4, 5, 2, 3, 6, 0, 1, 4, 5, 2, 3, 6, 0, 1, 4, 5, 2, 3, 6, 0, 1, 4, 5, 2, 3, 6, 0, 1, 4, 5, 2, 3, 6, 0, 1, 4, 5, 2, 3, 6, 0, 1, 4, 5, 2, 3, 6, 0, 1, 4, 5, 2, 3, 6, 0, 1, 4, 5, 2, 3, 6, 0, 1, 4, 5, 2, 3, 6, 0, 1, 4, 5, 2, 3, 6, 0, 1, 4, 5, 2, 3, 6, 0, 1]
powers: 6
[0, 1, 1, 1, 1, 1, 1, 0, 1, 1, 1, 1, 1, 1, 0, 1, 1, 1, 1, 1, 1, 0, 1, 1, 1, 1, 1, 1, 0, 1, 1, 1, 1, 1, 1, 0, 1, 1, 1, 1, 1, 1, 0, 1, 1, 1, 1, 1, 1, 0, 1, 1, 1, 1, 1, 1, 0, 1, 1, 1, 1, 1, 1, 0, 1, 1, 1, 1, 1, 1, 0, 1, 1, 1, 1, 1, 1, 0, 1, 1, 1, 1, 1, 1, 0, 1, 1, 1, 1, 1, 1, 0, 1, 1, 1, 1, 1, 1, 0, 1]
powers: 7
[0, 1, 2, 3, 4, 5, 6, 0, 1, 2, 3, 4, 5, 6, 0, 1, 2, 3, 4, 5, 6, 0, 1, 2, 3, 4, 5, 6, 0, 1, 2, 3, 4, 5, 6, 0, 1, 2, 3, 4, 5, 6, 0, 1, 2, 3, 4, 5, 6, 0, 1, 2, 3, 4, 5, 6, 0, 1, 2, 3, 4, 5, 6, 0, 1, 2, 3, 4, 5, 6, 0, 1, 2, 3, 4, 5, 6, 0, 1, 2, 3, 4, 5, 6, 0, 1, 2, 3, 4, 5, 6, 0, 1, 2, 3, 4, 5, 6, 0, 1]
